window_index,char_start,char_end,p_z,extracted,error,n_tokens_in_chunk,sequence_len_tokens
0,0,800,2.3416043624398245e-06,0,,204,100
1,10,810,8.920575546264795e-10,0,,204,100
2,20,820,1.1143080052017479e-09,0,,204,100
3,30,830,2.750499598602871e-11,0,,203,100
4,40,840,1.0156922469185252e-18,0,,201,100
5,50,850,1.4853089693931927e-17,0,,201,100
6,60,860,1.4488148476256606e-23,0,,201,100
7,70,870,7.509981715335057e-26,0,,203,100
8,80,880,1.4251392111334027e-29,0,,202,100
9,90,890,2.8108539090319074e-25,0,,202,100
10,100,900,3.3427961401312133e-34,0,,202,100
11,110,910,7.281963687386138e-28,0,,201,100
12,120,920,1.3056552117611349e-30,0,,202,100
13,130,930,6.233311097627375e-21,0,,203,100
14,140,940,1.350333151447334e-21,0,,201,100
15,150,950,1.3953686769563698e-19,0,,201,100
16,160,960,2.416108208224355e-24,0,,200,100
17,170,970,7.774420207055383e-37,0,,200,100
18,180,980,4.404769450059058e-26,0,,200,100
19,190,990,2.4811075524239893e-23,0,,201,100
20,200,1000,3.1720910432579743e-25,0,,202,100
21,210,1010,1.6556405261916098e-23,0,,201,100
22,220,1020,0.00010069921398149461,0,,201,100
23,230,1030,1.9364726555878204e-19,0,,201,100
24,240,1040,1.4904715917192537e-07,0,,203,100
25,250,1050,1.4000520949794961e-34,0,,202,100
26,260,1060,9.46880981020789e-35,0,,201,100
27,270,1070,2.2215126448175534e-15,0,,199,100
28,280,1080,1.1989756133404423e-60,0,,199,100
29,290,1090,1.5361074961212043e-65,0,,200,100
30,300,1100,7.104441462084487e-37,0,,199,100
31,310,1110,1.3653502807400951e-28,0,,199,100
32,320,1120,5.499514559709549e-24,0,,199,100
33,330,1130,2.8216713373242106e-22,0,,202,100
34,340,1140,1.6409868041326694e-28,0,,198,100
35,350,1150,6.150530419849018e-22,0,,201,100
36,360,1160,3.294984936660852e-05,0,,200,100
37,370,1170,9.362507653552279e-52,0,,200,100
38,380,1180,9.419318187196267e-18,0,,198,100
39,390,1190,2.4096850614606896e-15,0,,199,100
40,400,1200,1.801598576293045e-16,0,,199,100
41,410,1210,4.3718692619171714e-11,0,,199,100
42,420,1220,5.2270241779807666e-18,0,,199,100
43,430,1230,1.2599575315326901e-27,0,,199,100
44,440,1240,1.0384802758618498e-10,0,,200,100
45,450,1250,1.4672105114309967e-13,0,,200,100
46,460,1260,6.309027415169918e-29,0,,200,100
47,470,1270,8.759388632365505e-19,0,,201,100
48,480,1280,5.982065029209471e-18,0,,201,100
49,490,1290,4.039580608623509e-29,0,,200,100
50,500,1300,1.5660956271909732e-28,0,,199,100
51,510,1310,2.3557983591168917e-27,0,,199,100
52,520,1320,4.295049044837941e-30,0,,201,100
53,530,1330,3.5817798322230956e-20,0,,200,100
54,540,1340,5.9142458140099635e-08,0,,202,100
55,550,1350,1.6595079357002762e-16,0,,201,100
56,560,1360,7.200904513036076e-10,0,,199,100
57,570,1370,6.103913577028512e-11,0,,199,100
58,580,1380,1.2901318086760892e-32,0,,200,100
59,590,1390,2.5668219603465723e-19,0,,201,100
60,600,1400,8.19411609834064e-152,0,,200,100
61,610,1410,1.0483059848982374e-56,0,,200,100
62,620,1420,2.2545276198442425e-25,0,,200,100
63,630,1430,6.635e-321,0,,197,100
64,640,1440,4.854476860076747e-304,0,,195,100
65,650,1450,0.0,0,,197,100
66,660,1460,1.48907655e-316,0,,197,100
67,670,1470,1.3588987388050717e-16,0,,197,100
68,680,1480,4.2688833404398304e-203,0,,197,100
69,690,1490,6.45691087875517e-169,0,,199,100
70,700,1500,5.564153258017549e-09,0,,198,100
71,710,1510,1.915797645740729e-12,0,,194,100
72,720,1520,1.0318945825486711e-12,0,,195,100
73,730,1530,5.742573527306025e-166,0,,194,100
74,740,1540,4.3393655861788326e-159,0,,194,100
75,750,1550,1.0712296238020848e-143,0,,195,100
76,760,1560,6.625204323023574e-146,0,,197,100
77,770,1570,9.66246664733097e-152,0,,192,100
78,780,1580,1.981675203725843e-07,0,,193,100
79,790,1590,6.606929873463391e-10,0,,190,100
80,800,1600,1.413262924530521e-119,0,,189,100
81,810,1610,2.414229755955961e-50,0,,189,100
82,820,1620,1.7116072020418577e-115,0,,189,100
83,830,1630,2.4697388726284147e-41,0,,191,100
84,840,1640,5.312211229575088e-18,0,,188,100
85,850,1650,2.3006901641892834e-08,0,,188,100
86,860,1660,1.661098157572124e-14,0,,188,100
87,870,1670,4.084415228933908e-28,0,,187,100
88,880,1680,1.0757510404738705e-118,0,,185,100
89,890,1690,9.863272177735598e-17,0,,187,100
90,900,1700,2.868934541109582e-104,0,,187,100
91,910,1710,3.9773878158496802e-205,0,,187,100
92,920,1720,2.09777563131515e-183,0,,187,100
93,930,1730,3.663390062974714e-191,0,,188,100
94,940,1740,9.856771074012263e-16,0,,190,100
95,950,1750,9.146647901050302e-159,0,,189,100
96,960,1760,4.802643508916997e-25,0,,190,100
97,970,1770,3.6807545121693894e-187,0,,192,100
98,980,1780,4.2695107709419373e-41,0,,191,100
99,990,1790,4.129362616569616e-157,0,,190,100
100,1000,1800,1.109777569575673e-50,0,,190,100
101,1010,1810,3.758068357238255e-78,0,,190,100
102,1020,1820,1.755886669206773e-64,0,,190,100
103,1030,1830,1.547858820960007e-49,0,,190,100
104,1040,1840,2.0862951370529897e-27,0,,189,100
105,1050,1850,5.41286688323036e-23,0,,190,100
106,1060,1860,2.544940067957554e-13,0,,188,100
107,1070,1870,1.7004848858058615e-07,0,,188,100
108,1080,1880,5.5073316669965325e-14,0,,190,100
109,1090,1890,0.004550422519761909,1,,188,100
110,1100,1900,8.57204173181035e-34,0,,189,100
111,1110,1910,5.55795128138912e-90,0,,190,100
112,1120,1920,1.995279745665993e-105,0,,190,100
113,1130,1930,7.452750066075097e-28,0,,189,100
114,1140,1940,4.413481021849427e-20,0,,191,100
115,1150,1950,3.9369130802130976e-126,0,,192,100
116,1160,1960,2.49842331704581e-14,0,,192,100
117,1170,1970,5.063021537303458e-91,0,,193,100
118,1180,1980,2.1811553369336197e-27,0,,193,100
119,1190,1990,9.153749755088096e-45,0,,192,100
120,1200,2000,5.3877744563267606e-20,0,,190,100
121,1210,2010,9.316933085244512e-29,0,,191,100
122,1220,2020,8.990078860813294e-25,0,,190,100
123,1230,2030,3.910620386823044e-45,0,,190,100
124,1240,2040,7.95958499719941e-30,0,,191,100
125,1250,2050,3.9218129339895624e-66,0,,190,100
126,1260,2060,2.0905375796516096e-73,0,,191,100
127,1270,2070,4.2027838444094685e-34,0,,190,100
128,1280,2080,3.9024603398291386e-92,0,,191,100
129,1290,2090,2.462856941855581e-44,0,,192,100
130,1300,2100,2.5082427203095405e-47,0,,192,100
131,1310,2110,6.833147366065125e-36,0,,193,100
132,1320,2120,3.2998301613076325e-96,0,,192,100
133,1330,2130,2.3911660331388538e-60,0,,193,100
134,1340,2140,1.8442195355845057e-91,0,,193,100
135,1350,2150,4.134972394674314e-49,0,,194,100
136,1360,2160,2.401535101243117e-46,0,,195,100
137,1370,2170,2.2173648512026234e-87,0,,192,100
138,1380,2180,5.100575565346989e-72,0,,192,100
139,1390,2190,1.2796223000038328e-36,0,,194,100
140,1400,2200,1.359718344584847e-18,0,,195,100
141,1410,2210,6.512188447220527e-17,0,,195,100
142,1420,2220,6.504516181547725e-60,0,,195,100
143,1430,2230,1.1018449048428022e-62,0,,200,100
144,1440,2240,2.3688032223766892e-18,0,,199,100
145,1450,2250,3.290515671994359e-20,0,,200,100
146,1460,2260,1.297832962364954e-56,0,,199,100
147,1470,2270,2.4487542629236977e-40,0,,199,100
148,1480,2280,1.6508355680292548e-78,0,,198,100
149,1490,2290,1.8427281210674648e-105,0,,198,100
150,1500,2300,5.811044322673964e-96,0,,198,100
151,1510,2310,6.087501944548991e-91,0,,199,100
152,1520,2320,6.576988518515251e-93,0,,199,100
153,1530,2330,1.7937298052421446e-84,0,,200,100
154,1540,2340,1.4807612329238926e-89,0,,198,100
155,1550,2350,1.053956303892167e-54,0,,197,100
156,1560,2360,6.057677861494376e-50,0,,196,100
157,1570,2370,6.417010692121093e-33,0,,197,100
158,1580,2380,7.699411436143951e-28,0,,198,100
159,1590,2390,1.0880780293611626e-12,0,,198,100
160,1600,2400,8.051817548217267e-16,0,,199,100
161,1610,2410,6.744002946066648e-23,0,,199,100
162,1620,2420,2.3826222653812457e-20,0,,202,100
163,1630,2430,5.4075839144344705e-37,0,,201,100
164,1640,2440,2.7369542785820104e-09,0,,201,100
165,1650,2450,1.1885884543396764e-35,0,,203,100
166,1660,2460,1.6270336702933046e-53,0,,204,100
167,1670,2470,2.5932251633690907e-22,0,,205,100
168,1680,2480,1.5199730110233835e-10,0,,206,100
169,1690,2490,6.819589697087333e-11,0,,206,100
170,1700,2500,3.707951517173666e-20,0,,205,100
171,1710,2510,1.431825858763497e-29,0,,204,100
172,1720,2520,1.673915034669763e-40,0,,204,100
173,1730,2530,2.6435012378526844e-42,0,,204,100
174,1740,2540,2.808088884038022e-34,0,,202,100
175,1750,2550,1.245489997921552e-62,0,,204,100
176,1760,2560,9.884749121166252e-44,0,,204,100
177,1770,2570,2.2629445621678308e-26,0,,203,100
178,1780,2580,2.9891505729647044e-68,0,,203,100
179,1790,2590,3.9038665340128164e-60,0,,204,100
180,1800,2600,4.0771039525023265e-65,0,,204,100
181,1810,2610,3.8188315296721713e-26,0,,203,100
182,1820,2620,2.889093421338825e-23,0,,204,100
183,1830,2630,1.0144338478546554e-23,0,,205,100
184,1840,2640,7.86293922222838e-48,0,,205,100
185,1850,2650,1.5269997382016333e-44,0,,206,100
186,1860,2660,4.14012252407937e-52,0,,207,100
187,1870,2670,6.632983792677982e-24,0,,206,100
188,1880,2680,9.70098739653349e-39,0,,207,100
189,1890,2690,1.7799118589027078e-44,0,,207,100
190,1900,2700,4.0168014493390524e-49,0,,209,100
191,1910,2710,3.5779621053176974e-39,0,,208,100
192,1920,2720,2.2621587088808934e-26,0,,208,100
193,1930,2730,1.3585123521222286e-22,0,,209,100
194,1940,2740,4.092163140416422e-66,0,,211,100
195,1950,2750,7.038857278729074e-73,0,,210,100
196,1960,2760,7.261669467032247e-62,0,,211,100
197,1970,2770,1.2676620636682043e-38,0,,211,100
198,1980,2780,2.8047311827697695e-64,0,,210,100
199,1990,2790,1.8135583068576715e-66,0,,211,100
200,2000,2800,2.466101457748771e-26,0,,210,100
201,2010,2810,7.171529557704654e-39,0,,211,100
202,2020,2820,5.1322240673331486e-36,0,,213,100
203,2030,2830,1.4121346819524102e-37,0,,213,100
204,2040,2840,6.607724416855068e-46,0,,213,100
205,2050,2850,8.269825976895154e-56,0,,211,100
206,2060,2860,7.181020264402345e-52,0,,211,100
207,2070,2870,3.482123033637767e-36,0,,211,100
208,2080,2880,5.562927309875417e-72,0,,211,100
209,2090,2890,1.3491936077398258e-56,0,,213,100
210,2100,2900,2.7095049118848636e-33,0,,211,100
211,2110,2910,4.404304807778045e-63,0,,212,100
212,2120,2920,1.690263214935514e-73,0,,211,100
213,2130,2930,1.4652294361149257e-84,0,,213,100
214,2140,2940,2.1037098026349082e-96,0,,213,100
215,2150,2950,1.2519530939349816e-59,0,,212,100
216,2160,2960,6.005251877076636e-72,0,,213,100
217,2170,2970,1.0123600469316788e-96,0,,211,100
218,2180,2980,2.088678195544779e-44,0,,212,100
219,2190,2990,6.21082536277743e-97,0,,212,100
220,2200,3000,7.114530649744183e-83,0,,209,100
221,2210,3010,2.2142113090471075e-64,0,,211,100
222,2220,3020,1.83779032181214e-83,0,,210,100
223,2230,3030,2.1511683484304476e-44,0,,208,100
224,2240,3040,4.213070083112053e-112,0,,208,100
225,2250,3050,7.543529581644858e-37,0,,208,100
226,2260,3060,1.1802820267596403e-89,0,,210,100
227,2270,3070,1.1334658468496582e-61,0,,209,100
228,2280,3080,2.495055014040179e-126,0,,207,100
229,2290,3090,2.2509418017806163e-92,0,,207,100
230,2300,3100,3.536211184579556e-42,0,,206,100
231,2310,3110,4.445488853295361e-84,0,,207,100
232,2320,3120,2.7729060934382914e-46,0,,205,100
233,2330,3130,7.130180012045432e-47,0,,207,100
234,2340,3140,5.573322586939581e-150,0,,210,100
235,2350,3150,2.383108735529948e-37,0,,209,100
236,2360,3160,2.5894567471169526e-33,0,,211,100
237,2370,3170,3.23021341712618e-72,0,,209,100
238,2380,3180,2.9692759497337664e-95,0,,209,100
239,2390,3190,1.1256468905552546e-85,0,,211,100
240,2400,3200,4.159967803794042e-93,0,,212,100
241,2410,3210,6.842828038381079e-100,0,,212,100
242,2420,3220,2.8928641189167574e-67,0,,207,100
243,2430,3230,5.502257481298231e-73,0,,209,100
244,2440,3240,1.2169236526065829e-73,0,,209,100
245,2450,3250,1.8012481625728617e-66,0,,210,100
246,2460,3260,8.031484615225065e-71,0,,207,100
247,2470,3270,1.1806725077567518e-77,0,,208,100
248,2480,3280,1.9801780131187679e-57,0,,208,100
249,2490,3290,8.467386243556585e-51,0,,208,100
250,2500,3300,9.387681064976e-62,0,,210,100
251,2510,3310,6.54730781855977e-103,0,,209,100
252,2520,3320,2.324546913880055e-103,0,,209,100
253,2530,3330,3.8726036615504014e-150,0,,209,100
254,2540,3340,4.594990594048681e-217,0,,210,100
255,2550,3350,7.22309721310327e-91,0,,208,100
256,2560,3360,1.8251025574157797e-172,0,,207,100
257,2570,3370,1.5416530164921121e-59,0,,207,100
258,2580,3380,1.9989269045367878e-190,0,,206,100
259,2590,3390,5.4741098715324674e-142,0,,209,100
260,2600,3400,6.342781065637457e-156,0,,209,100
261,2610,3410,5.790859144767926e-20,0,,208,100
262,2620,3420,1.1438433851249092e-163,0,,209,100
263,2630,3430,8.73576917489698e-197,0,,208,100
264,2640,3440,6.712754258170906e-27,0,,206,100
265,2650,3450,2.282626631769191e-178,0,,206,100
266,2660,3460,8.519261224217107e-184,0,,207,100
267,2670,3470,1.0959512400495903e-24,0,,209,100
268,2680,3480,4.8375324806752166e-183,0,,206,100
269,2690,3490,5.957937736131816e-26,0,,206,100
270,2700,3500,2.1837526192232235e-192,0,,205,100
271,2710,3510,2.4413974795421482e-175,0,,205,100
272,2720,3520,4.867061964907801e-190,0,,203,100
273,2730,3530,1.1768365995413935e-176,0,,204,100
274,2740,3540,3.6821979089526667e-31,0,,201,100
275,2750,3550,1.948385027081799e-08,0,,201,100
276,2760,3560,2.1596842463417503e-22,0,,201,100
277,2770,3570,6.463856215431545e-165,0,,201,100
278,2780,3580,1.877906119041467e-170,0,,203,100
279,2790,3590,1.8949524961316163e-39,0,,204,100
280,2800,3600,2.1047187042665235e-33,0,,205,100
281,2810,3610,9.206370069613196e-33,0,,204,100
282,2820,3620,3.891474232076511e-115,0,,205,100
283,2830,3630,1.025726443042201e-28,0,,206,100
284,2840,3640,2.841111535479983e-68,0,,206,100
285,2850,3650,1.9148074862611894e-43,0,,208,100
286,2860,3660,1.1657240871503532e-43,0,,208,100
287,2870,3670,9.934258735763986e-37,0,,207,100
288,2880,3680,4.2550431527249886e-101,0,,207,100
289,2890,3690,2.1254902523877233e-37,0,,208,100
290,2900,3700,2.949418474078581e-155,0,,210,100
291,2910,3710,5.281999232331329e-53,0,,210,100
292,2920,3720,8.885916764851496e-38,0,,210,100
293,2930,3730,5.754112225830185e-73,0,,206,100
294,2940,3740,6.290685413935499e-62,0,,206,100
295,2950,3750,2.8944743098311705e-53,0,,207,100
296,2960,3760,2.743753920162973e-51,0,,209,100
297,2970,3770,4.705507230727077e-98,0,,209,100
298,2980,3780,8.382649573559106e-48,0,,211,100
299,2990,3790,1.2701356135733956e-39,0,,212,100
300,3000,3800,4.378308678862973e-83,0,,211,100
301,3010,3810,5.374453153406587e-106,0,,212,100
302,3020,3820,2.1822075050446108e-58,0,,211,100
303,3030,3830,8.129833518777477e-61,0,,210,100
304,3040,3840,3.390709775538951e-65,0,,211,100
305,3050,3850,2.3280077765881462e-94,0,,211,100
306,3060,3860,1.4920405268796346e-82,0,,213,100
307,3070,3870,4.428549533202148e-81,0,,215,100
308,3080,3880,4.928783138702994e-65,0,,218,100
309,3090,3890,3.6195367516216324e-68,0,,216,100
310,3100,3900,4.285656102101232e-52,0,,216,100
311,3110,3910,3.895399572936103e-71,0,,218,100
312,3120,3920,7.762152732018878e-136,0,,217,100
313,3130,3930,3.297769215576183e-154,0,,216,100
314,3140,3940,3.720438793293441e-157,0,,218,100
315,3150,3950,1.66701880850909e-50,0,,218,100
316,3160,3960,7.085259565200167e-50,0,,218,100
317,3170,3970,3.952248205362007e-127,0,,216,100
318,3180,3980,1.4693999564797643e-41,0,,216,100
319,3190,3990,8.187513896200673e-129,0,,213,100
320,3200,4000,6.257931094170938e-136,0,,214,100
321,3210,4010,6.340587405621655e-124,0,,216,100
322,3220,4020,5.2872559925800046e-133,0,,217,100
323,3230,4030,2.7881812441918106e-28,0,,217,100
324,3240,4040,9.984889824764464e-31,0,,217,100
325,3250,4050,6.323679717945963e-173,0,,219,100
326,3260,4060,5.965290387614319e-31,0,,217,100
327,3270,4070,2.0380091318098795e-148,0,,215,100
328,3280,4080,5.194860579593012e-57,0,,218,100
329,3290,4090,1.2498369711443944e-157,0,,217,100
330,3300,4100,2.8376873216611735e-86,0,,217,100
331,3310,4110,5.898938542767036e-156,0,,218,100
332,3320,4120,1.5223424967160846e-150,0,,216,100
333,3330,4130,1.3820468367880799e-127,0,,217,100
334,3340,4140,5.1351472842553e-147,0,,218,100
335,3350,4150,1.4626117269709136e-133,0,,219,100
336,3360,4160,1.3528060266177652e-126,0,,220,100
337,3370,4170,3.5901842487027007e-121,0,,222,100
338,3380,4180,2.575811141508195e-63,0,,222,100
339,3390,4190,7.784361074441786e-72,0,,221,100
340,3400,4200,3.1077467894952733e-76,0,,221,100
341,3410,4210,7.368160989694889e-61,0,,221,100
342,3420,4220,1.2886190353546256e-70,0,,222,100
343,3430,4230,1.1957857140504214e-112,0,,221,100
344,3440,4240,6.7750333899939855e-87,0,,223,100
345,3450,4250,5.1614909374535705e-95,0,,224,100
346,3460,4260,6.254447740217604e-98,0,,221,100
347,3470,4270,1.502778850612941e-97,0,,222,100
348,3480,4280,1.2061026152533713e-73,0,,222,100
349,3490,4290,1.5798605986499598e-69,0,,224,100
350,3500,4300,2.0837114407491274e-101,0,,224,100
351,3510,4310,8.044737780857625e-81,0,,225,100
352,3520,4320,7.113962573057968e-41,0,,226,100
353,3530,4330,3.3432760719754923e-99,0,,225,100
354,3540,4340,1.07273644304952e-47,0,,228,100
355,3550,4350,8.094596374858652e-31,0,,228,100
356,3560,4360,5.76433097682248e-106,0,,228,100
357,3570,4370,7.045438714598419e-96,0,,228,100
358,3580,4380,2.708431326041302e-76,0,,226,100
359,3590,4390,7.205648325416361e-85,0,,226,100
360,3600,4400,7.928906242454754e-150,0,,225,100
361,3610,4410,9.827363494624332e-49,0,,225,100
362,3620,4420,1.5287890600488325e-87,0,,225,100
363,3630,4430,4.0171014793958305e-48,0,,227,100
364,3640,4440,7.468953689073695e-60,0,,227,100
365,3650,4450,2.4130337095688483e-70,0,,226,100
366,3660,4460,5.096279429172921e-66,0,,226,100
367,3670,4470,1.323719410479344e-34,0,,225,100
368,3680,4480,6.781150574288012e-40,0,,226,100
369,3690,4490,5.407551123048088e-33,0,,224,100
370,3700,4500,8.802958107687482e-80,0,,224,100
371,3710,4510,2.035519376045801e-90,0,,225,100
372,3720,4520,2.5182418001855256e-108,0,,224,100
373,3730,4530,7.82179872855881e-55,0,,224,100
374,3740,4540,2.0676092409282337e-66,0,,224,100
375,3750,4550,1.4767367046242287e-68,0,,222,100
376,3760,4560,1.0117871947148023e-67,0,,222,100
377,3770,4570,4.520109231053414e-26,0,,223,100
378,3780,4580,1.803304927480355e-27,0,,222,100
379,3790,4590,1.060529600690016e-45,0,,224,100
380,3800,4600,2.8968189150735174e-78,0,,226,100
381,3810,4610,2.4669942413109764e-79,0,,224,100
382,3820,4620,8.500597198140701e-76,0,,225,100
383,3830,4630,4.932038843550443e-126,0,,227,100
384,3840,4640,1.1198823958997363e-90,0,,226,100
385,3850,4650,3.8384196947309357e-106,0,,224,100
386,3860,4660,1.0513825412153017e-151,0,,224,100
387,3870,4670,3.349364523118253e-102,0,,223,100
388,3880,4680,1.2681171463798582e-66,0,,222,100
389,3890,4690,1.5571457589584111e-55,0,,222,100
390,3900,4700,1.64364690087833e-63,0,,223,100
391,3910,4710,1.2843346354560775e-73,0,,221,100
392,3920,4720,3.044711376883263e-70,0,,222,100
393,3930,4730,2.6134638348752897e-88,0,,223,100
394,3940,4740,6.076366450357949e-55,0,,221,100
395,3950,4750,6.140660411846604e-63,0,,219,100
396,3960,4760,2.2252914810131548e-151,0,,221,100
397,3970,4770,1.3694840944618816e-56,0,,224,100
398,3980,4780,8.804793472375154e-64,0,,224,100
399,3990,4790,1.466146793742683e-127,0,,225,100
400,4000,4800,1.823908573033772e-58,0,,224,100
401,4010,4810,4.053213589503689e-59,0,,222,100
402,4020,4820,1.5785421955002773e-124,0,,221,100
403,4030,4830,3.9638399216023694e-77,0,,221,100
404,4040,4840,3.188004199452379e-92,0,,221,100
405,4050,4850,5.216410939079333e-120,0,,220,100
406,4060,4860,1.3948231239843732e-114,0,,222,100
407,4070,4870,5.463398229871564e-55,0,,222,100
408,4080,4880,1.0225551937631619e-150,0,,220,100
409,4090,4890,3.159505149437824e-31,0,,218,100
410,4100,4900,2.079440272408209e-38,0,,223,100
411,4110,4910,1.0137471530159599e-43,0,,224,100
412,4120,4920,1.2392964517396692e-152,0,,224,100
413,4130,4930,6.688927716438086e-66,0,,224,100
414,4140,4940,6.57020540545855e-134,0,,225,100
415,4150,4950,2.3105698987994188e-166,0,,224,100
416,4160,4960,2.542531687913128e-66,0,,222,100
417,4170,4970,8.641569051153223e-83,0,,223,100
418,4180,4980,7.108961767160232e-128,0,,225,100
419,4190,4990,7.182665346148656e-134,0,,225,100
420,4200,5000,1.5444250249220817e-58,0,,224,100
421,4210,5010,2.1952841369856865e-44,0,,225,100
422,4220,5020,5.2256009268905865e-132,0,,222,100
423,4230,5030,1.6481725544237165e-49,0,,220,100
424,4240,5040,8.800249780298049e-26,0,,221,100
425,4250,5050,3.761587585792032e-77,0,,222,100
426,4260,5060,1.7464703422351313e-86,0,,225,100
427,4270,5070,6.839437883596192e-22,0,,224,100
428,4280,5080,4.079088481922011e-20,0,,222,100
429,4290,5090,9.567822888607029e-22,0,,224,100
430,4300,5100,6.512304834252782e-23,0,,222,100
431,4310,5110,1.2562109324024882e-90,0,,222,100
432,4320,5120,2.15230833938665e-33,0,,222,100
433,4330,5130,2.064142260964201e-28,0,,223,100
434,4340,5140,1.3069274718117185e-90,0,,222,100
435,4350,5150,5.578272383032512e-22,0,,223,100
436,4360,5160,3.9078754604186106e-115,0,,222,100
437,4370,5170,8.548057894665985e-40,0,,221,100
438,4380,5180,2.4976232821025146e-111,0,,220,100
439,4390,5190,1.6471285981881947e-30,0,,219,100
440,4400,5200,3.1086044873584634e-56,0,,220,100
441,4410,5210,2.9404336996045613e-60,0,,219,100
442,4420,5220,8.047054308584463e-43,0,,217,100
443,4430,5230,1.892351484338253e-46,0,,216,100
444,4440,5240,2.4674994853198096e-24,0,,215,100
445,4450,5250,4.2368577715372075e-67,0,,215,100
446,4460,5260,6.093615324274675e-89,0,,215,100
447,4470,5270,1.9678315516770586e-61,0,,216,100
448,4480,5280,1.6878430398801092e-60,0,,216,100
449,4490,5290,8.362203548772665e-21,0,,216,100
450,4500,5300,1.693740604257537e-24,0,,216,100
451,4510,5310,6.627884635237296e-21,0,,216,100
452,4520,5320,2.387505749359037e-18,0,,218,100
453,4530,5330,3.501276617522847e-42,0,,216,100
454,4540,5340,5.719372128047476e-110,0,,218,100
455,4550,5350,4.511312995234766e-19,0,,218,100
456,4560,5360,6.75692554275993e-27,0,,217,100
457,4570,5370,9.34834173865546e-26,0,,216,100
458,4580,5380,1.1608437253025221e-11,0,,216,100
459,4590,5390,1.3941420902266326e-37,0,,215,100
460,4600,5400,4.084309179891335e-11,0,,216,100
461,4610,5410,6.694294244942499e-44,0,,217,100
462,4620,5420,5.646379744627263e-46,0,,217,100
463,4630,5430,9.39336343488743e-42,0,,218,100
464,4640,5440,5.5576617645091966e-36,0,,217,100
465,4650,5450,5.8289107412333756e-37,0,,217,100
466,4660,5460,2.6586440787120287e-49,0,,215,100
467,4670,5470,2.8579047173824968e-42,0,,213,100
468,4680,5480,4.156145241572864e-27,0,,215,100
469,4690,5490,7.737386430185844e-55,0,,214,100
470,4700,5500,1.015681269017653e-46,0,,214,100
471,4710,5510,6.999437423373875e-26,0,,213,100
472,4720,5520,2.02705175551864e-64,0,,214,100
473,4730,5530,7.320326222082335e-46,0,,214,100
474,4740,5540,5.052278101381043e-34,0,,215,100
475,4750,5550,9.11120242624929e-52,0,,215,100
476,4760,5560,5.382702607981393e-31,0,,215,100
477,4770,5570,3.211718533586845e-69,0,,215,100
478,4780,5580,9.190571522028934e-26,0,,216,100
479,4790,5590,4.477824999347012e-84,0,,214,100
480,4800,5600,3.6453240962268976e-88,0,,217,100
481,4810,5610,7.439721783313888e-72,0,,216,100
482,4820,5620,5.6226747869031565e-64,0,,216,100
483,4830,5630,4.123706585959827e-55,0,,216,100
484,4840,5640,2.2906839020745716e-68,0,,218,100
485,4850,5650,2.179072374510967e-68,0,,219,100
486,4860,5660,1.2949940581728605e-85,0,,216,100
487,4870,5670,1.8944525982471836e-72,0,,216,100
488,4880,5680,1.9578150226084365e-78,0,,217,100
489,4890,5690,5.048289919470141e-83,0,,217,100
490,4900,5700,1.7681245647251812e-61,0,,215,100
491,4910,5710,4.788060869355952e-66,0,,214,100
492,4920,5720,1.5204992417735658e-45,0,,214,100
493,4930,5730,5.479861110741391e-38,0,,212,100
494,4940,5740,4.784664988231945e-34,0,,213,100
495,4950,5750,6.041567936491034e-30,0,,211,100
496,4960,5760,3.510665462926374e-28,0,,214,100
497,4970,5770,4.682317007276831e-181,0,,211,100
498,4980,5780,3.138854560058348e-48,0,,208,100
499,4990,5790,2.7767458361096143e-43,0,,210,100
500,5000,5800,1.8178771339425333e-228,0,,208,100
501,5010,5810,2.5065420560555845e-259,0,,208,100
502,5020,5820,9.873939992624705e-264,0,,209,100
503,5030,5830,2.774572608327257e-261,0,,208,100
504,5040,5840,2.0046323163831775e-273,0,,206,100
505,5050,5850,5.478892752282604e-266,0,,207,100
506,5060,5860,3.804397665156859e-287,0,,206,100
507,5070,5870,1.245415838000632e-68,0,,208,100
508,5080,5880,9.765983808156465e-278,0,,206,100
509,5090,5890,1.9040196547574457e-254,0,,206,100
510,5100,5900,2.656424819822467e-44,0,,205,100
511,5110,5910,9.96671257765949e-266,0,,203,100
512,5120,5920,2.5285885721251792e-48,0,,203,100
513,5130,5930,2.2254126380893836e-276,0,,203,100
514,5140,5940,2.1412578857964022e-249,0,,203,100
515,5150,5950,1.7558787220569531e-255,0,,202,100
516,5160,5960,2.784891318730085e-253,0,,201,100
517,5170,5970,3.546593764038068e-42,0,,203,100
518,5180,5980,2.3064769173082186e-237,0,,202,100
519,5190,5990,9.667693571994762e-225,0,,202,100
520,5200,6000,6.109751004868445e-46,0,,202,100
521,5210,6010,9.802098746411318e-38,0,,203,100
522,5220,6020,1.4758785901477721e-58,0,,203,100
523,5230,6030,8.070084818316075e-35,0,,203,100
524,5240,6040,6.4498632028970974e-46,0,,203,100
525,5250,6050,2.6087466362410646e-118,0,,202,100
526,5260,6060,1.0646265857650802e-120,0,,203,100
527,5270,6070,1.147718513158826e-108,0,,201,100
528,5280,6080,6.872506600940952e-99,0,,203,100
529,5290,6090,1.4566599999650144e-100,0,,205,100
530,5300,6100,1.0263226666149092e-85,0,,204,100
531,5310,6110,7.546847209819764e-65,0,,203,100
532,5320,6120,2.3587978612035726e-46,0,,203,100
533,5330,6130,1.5722406987806773e-65,0,,204,100
534,5340,6140,5.590891943350433e-54,0,,203,100
535,5350,6150,4.048843870756219e-74,0,,203,100
536,5360,6160,3.5379779055839694e-101,0,,204,100
537,5370,6170,1.3370852893559842e-81,0,,204,100
538,5380,6180,3.677270450727371e-68,0,,203,100
539,5390,6190,4.532171494012922e-83,0,,203,100
540,5400,6200,5.2608893316027234e-118,0,,202,100
541,5410,6210,9.131944360562688e-141,0,,201,100
542,5420,6220,5.069838345388391e-54,0,,200,100
543,5430,6230,6.165757446066648e-60,0,,201,100
544,5440,6240,7.51775301215857e-72,0,,201,100
545,5450,6250,1.833458244526726e-37,0,,201,100
546,5460,6260,2.7770648985707306e-49,0,,201,100
547,5470,6270,3.503945300130875e-17,0,,201,100
548,5480,6280,1.0446146536809963e-14,0,,201,100
549,5490,6290,6.293652905219435e-21,0,,202,100
550,5500,6300,6.813808725667591e-21,0,,200,100
551,5510,6310,5.656587674211258e-52,0,,202,100
552,5520,6320,2.057992892928194e-59,0,,202,100
553,5530,6330,9.876498148269268e-35,0,,199,100
554,5540,6340,1.3317696628463162e-72,0,,198,100
555,5550,6350,3.5384960775630196e-66,0,,198,100
556,5560,6360,7.577136129022938e-06,0,,197,100
557,5570,6370,5.227253878463315e-44,0,,196,100
558,5580,6380,7.164232828040611e-52,0,,196,100
559,5590,6390,4.608686972157178e-24,0,,196,100
560,5600,6400,3.676932961535828e-33,0,,196,100
561,5610,6410,3.2842438639036368e-34,0,,195,100
562,5620,6420,3.5744257875682956e-34,0,,194,100
563,5630,6430,4.501385643175431e-36,0,,197,100
564,5640,6440,4.016768803490376e-61,0,,194,100
565,5650,6450,2.8949521230000223e-52,0,,194,100
566,5660,6460,6.725367787597842e-50,0,,194,100
567,5670,6470,2.6985779013491634e-45,0,,195,100
568,5680,6480,1.538106144622218e-82,0,,195,100
569,5690,6490,2.0165387693635148e-53,0,,192,100
570,5700,6500,1.8665967498738417e-68,0,,194,100
571,5710,6510,2.786404427831724e-81,0,,193,100
572,5720,6520,1.0846218147571426e-42,0,,194,100
573,5730,6530,3.0942920933283056e-62,0,,194,100
574,5740,6540,1.048610556198179e-110,0,,195,100
575,5750,6550,3.4536547963822953e-78,0,,194,100
576,5760,6560,3.70310283011344e-58,0,,193,100
577,5770,6570,4.5237951574846645e-59,0,,195,100
578,5780,6580,1.362039246673064e-75,0,,194,100
579,5790,6590,6.33329641496457e-71,0,,195,100
580,5800,6600,8.999642399020744e-78,0,,195,100
581,5810,6610,5.181821627599293e-99,0,,196,100
582,5820,6620,4.155271637347885e-75,0,,197,100
583,5830,6630,6.158493268842044e-119,0,,197,100
584,5840,6640,3.0436057034808334e-125,0,,199,100
585,5850,6650,4.915065344308948e-119,0,,197,100
586,5860,6660,1.5883821993633005e-127,0,,198,100
587,5870,6670,4.3804229649821e-119,0,,196,100
588,5880,6680,9.634894702351276e-105,0,,195,100
589,5890,6690,1.391970906573449e-110,0,,194,100
590,5900,6700,1.309633921287598e-117,0,,196,100
591,5910,6710,1.1987664957337747e-104,0,,196,100
592,5920,6720,5.345506421847422e-102,0,,195,100
593,5930,6730,1.052467547011608e-123,0,,193,100
594,5940,6740,4.1917146187336724e-100,0,,195,100
595,5950,6750,2.009935114006625e-103,0,,194,100
596,5960,6760,4.277145522652557e-121,0,,194,100
597,5970,6770,9.098895036224251e-87,0,,195,100
598,5980,6780,2.5058830630608898e-95,0,,194,100
599,5990,6790,1.4699331713454807e-62,0,,195,100
600,6000,6800,7.144727540834858e-79,0,,195,100
601,6010,6810,4.8189653614655274e-104,0,,194,100
602,6020,6820,3.989424308688585e-48,0,,195,100
603,6030,6830,1.7695598503033326e-98,0,,194,100
604,6040,6840,1.6220770576610998e-70,0,,196,100
605,6050,6850,9.082472194131612e-98,0,,195,100
606,6060,6860,2.05095785622002e-115,0,,196,100
607,6070,6870,6.468875625912504e-40,0,,196,100
608,6080,6880,2.637398156668155e-53,0,,193,100
609,6090,6890,7.105686175560155e-111,0,,192,100
610,6100,6900,2.8594212428039535e-104,0,,191,100
611,6110,6910,2.1042121080017348e-165,0,,194,100
612,6120,6920,2.3713889782912598e-66,0,,195,100
613,6130,6930,1.7105668702556524e-70,0,,194,100
614,6140,6940,9.118972597811031e-120,0,,194,100
615,6150,6950,7.413812842076764e-123,0,,191,100
616,6160,6960,8.094531478600581e-140,0,,193,100
617,6170,6970,4.797826248983141e-149,0,,194,100
618,6180,6980,1.7961007459526584e-59,0,,195,100
619,6190,6990,1.3333463825724123e-60,0,,196,100
620,6200,7000,3.630459512165085e-55,0,,197,100
621,6210,7010,1.0879254471346884e-53,0,,196,100
622,6220,7020,3.8788884161853657e-53,0,,197,100
623,6230,7030,1.7946559021647357e-193,0,,197,100
624,6240,7040,2.3333159120231143e-154,0,,197,100
625,6250,7050,4.346405676854027e-126,0,,199,100
626,6260,7060,1.3496475168677319e-46,0,,197,100
627,6270,7070,8.947375393384575e-163,0,,199,100
628,6280,7080,4.78983910873889e-156,0,,199,100
629,6290,7090,7.43217726451937e-58,0,,198,100
630,6300,7100,7.993168107729414e-148,0,,197,100
631,6310,7110,2.8978834583231207e-151,0,,197,100
632,6320,7120,1.3203202673962487e-169,0,,198,100
633,6330,7130,3.4815101678603557e-118,0,,199,100
634,6340,7140,2.4641540288421453e-40,0,,198,100
635,6350,7150,4.431901533916507e-109,0,,199,100
636,6360,7160,4.600087903394581e-48,0,,198,100
637,6370,7170,1.3952265155253177e-99,0,,200,100
638,6380,7180,8.293153752686732e-68,0,,199,100
639,6390,7190,2.733488376730106e-123,0,,198,100
640,6400,7200,1.0820152498634559e-134,0,,197,100
641,6410,7210,4.3299426498216825e-104,0,,199,100
642,6420,7220,8.273643085352563e-106,0,,200,100
643,6430,7230,3.440566601760368e-105,0,,199,100
644,6440,7240,4.649085922649717e-84,0,,200,100
645,6450,7250,6.5825066017302724e-83,0,,199,100
646,6460,7260,6.517309327081059e-90,0,,199,100
647,6470,7270,1.688602770536803e-44,0,,198,100
648,6480,7280,1.2731735010566729e-37,0,,199,100
649,6490,7290,7.210301405551393e-27,0,,201,100
650,6500,7300,1.4786400675967336e-17,0,,200,100
651,6510,7310,1.2863888143332684e-88,0,,201,100
652,6520,7320,3.091522517555284e-25,0,,200,100
653,6530,7330,7.36525576228766e-91,0,,199,100
654,6540,7340,8.08743498655472e-27,0,,198,100
655,6550,7350,3.1468288044579294e-24,0,,196,100
656,6560,7360,6.897189753027623e-18,0,,198,100
657,6570,7370,3.6387865964263846e-72,0,,198,100
658,6580,7380,1.4517978481778467e-22,0,,196,100
659,6590,7390,1.333142977840852e-65,0,,197,100
660,6600,7400,6.444481988930371e-28,0,,199,100
661,6610,7410,6.738475168635158e-110,0,,196,100
662,6620,7420,8.960901062083058e-29,0,,195,100
663,6630,7430,1.7104577978031267e-111,0,,197,100
664,6640,7440,9.500356052738388e-28,0,,195,100
665,6650,7450,1.5462922428980437e-26,0,,195,100
666,6660,7460,4.331125995372729e-73,0,,194,100
667,6670,7470,1.405918702792931e-59,0,,195,100
668,6680,7480,3.891064406391558e-21,0,,195,100
669,6690,7490,3.863374989539583e-52,0,,195,100
670,6700,7500,3.6700474123313338e-59,0,,197,100
671,6710,7510,5.3410855331855084e-76,0,,197,100
672,6720,7520,4.821663440681935e-61,0,,198,100
673,6730,7530,1.6132858120521634e-12,0,,201,100
674,6740,7540,8.613008555262263e-69,0,,198,100
675,6750,7550,3.5786242037768315e-43,0,,198,100
676,6760,7560,2.156783415248009e-44,0,,198,100
677,6770,7570,3.8926510813673794e-27,0,,198,100
678,6780,7580,2.5911687823570713e-43,0,,202,100
679,6790,7590,6.444527001797849e-47,0,,200,100
680,6800,7600,3.98122266530561e-63,0,,201,100
681,6810,7610,6.151020928892049e-57,0,,201,100
682,6820,7620,8.001162368772675e-69,0,,203,100
683,6830,7630,9.096026311760289e-99,0,,203,100
684,6840,7640,5.826854263701017e-81,0,,201,100
685,6850,7650,5.65927548685546e-25,0,,201,100
686,6860,7660,3.8989636795124617e-23,0,,202,100
687,6870,7670,3.187422037516044e-128,0,,203,100
688,6880,7680,5.401463395561683e-116,0,,204,100
689,6890,7690,3.445417216831346e-25,0,,208,100
690,6900,7700,4.5688104886070435e-114,0,,209,100
691,6910,7710,3.324190147010912e-117,0,,206,100
692,6920,7720,7.431054523042227e-33,0,,207,100
693,6930,7730,6.842234063371013e-37,0,,207,100
694,6940,7740,4.193613294924206e-75,0,,206,100
695,6950,7750,7.325790437328367e-31,0,,211,100
696,6960,7760,8.508296405054454e-121,0,,211,100
697,6970,7770,7.969092775176488e-53,0,,210,100
698,6980,7780,6.613407308071943e-131,0,,209,100
699,6990,7790,7.257398849765124e-48,0,,207,100
700,7000,7800,1.6501398245912203e-52,0,,206,100
701,7010,7810,1.3727660415020069e-115,0,,205,100
702,7020,7820,3.936572004149591e-127,0,,201,100
703,7030,7830,5.4485738685003284e-129,0,,202,100
704,7040,7840,2.9224044106836707e-145,0,,203,100
705,7050,7850,1.9274139775584806e-111,0,,204,100
706,7060,7860,4.878794637986754e-84,0,,204,100
707,7070,7870,1.4389484396142513e-153,0,,203,100
708,7080,7880,5.837924746903871e-113,0,,204,100
709,7090,7890,2.8778801408444107e-164,0,,202,100
710,7100,7900,1.5413813580076257e-164,0,,202,100
711,7110,7910,6.308867004294638e-158,0,,202,100
712,7120,7920,6.188372141208345e-105,0,,202,100
713,7130,7930,2.358699973003793e-154,0,,205,100
714,7140,7940,1.401875347723701e-141,0,,204,100
715,7150,7950,2.9958503151158208e-151,0,,201,100
716,7160,7960,8.171017279175907e-154,0,,201,100
717,7170,7970,6.099900992594002e-158,0,,200,100
718,7180,7980,9.981732540126752e-169,0,,199,100
719,7190,7990,2.408989264366417e-137,0,,200,100
720,7200,8000,2.0260457198197858e-110,0,,203,100
721,7210,8010,4.758166020012584e-104,0,,201,100
722,7220,8020,4.818272186050145e-129,0,,200,100
723,7230,8030,2.6020353730680373e-135,0,,201,100
724,7240,8040,4.041813229183311e-139,0,,201,100
725,7250,8050,5.329985984233155e-98,0,,200,100
726,7260,8060,3.8650498277808094e-131,0,,203,100
727,7270,8070,2.7349020116637004e-101,0,,204,100
728,7280,8080,6.049797105883235e-107,0,,202,100
729,7290,8090,3.565595194091063e-148,0,,201,100
730,7300,8100,3.844645914876503e-136,0,,201,100
731,7310,8110,6.853734366427922e-117,0,,201,100
732,7320,8120,6.97171231157897e-110,0,,202,100
733,7330,8130,6.87857149029964e-63,0,,205,100
734,7340,8140,1.7831745713395685e-82,0,,207,100
735,7350,8150,2.8610324048049143e-42,0,,206,100
736,7360,8160,1.9442174307585872e-50,0,,204,100
737,7370,8170,8.481954238727474e-63,0,,205,100
738,7380,8180,1.1387606159121246e-61,0,,204,100
739,7390,8190,1.1606845506833016e-35,0,,205,100
740,7400,8200,9.258099555644112e-50,0,,205,100
741,7410,8210,2.296328924552601e-26,0,,207,100
742,7420,8220,1.579956975884841e-58,0,,208,100
743,7430,8230,1.037713801693117e-42,0,,207,100
744,7440,8240,6.675296246005794e-21,0,,206,100
745,7450,8250,1.944714025837187e-31,0,,205,100
746,7460,8260,2.5265739548615814e-70,0,,208,100
747,7470,8270,1.9980200801247082e-50,0,,207,100
748,7480,8280,1.061758563858114e-43,0,,210,100
749,7490,8290,8.029816666096236e-51,0,,210,100
750,7500,8300,2.851926969085408e-63,0,,208,100
751,7510,8310,9.03204447823944e-67,0,,209,100
752,7520,8320,8.624773871896954e-78,0,,209,100
753,7530,8330,3.1965590332507156e-62,0,,212,100
754,7540,8340,1.373073589367026e-44,0,,210,100
755,7550,8350,8.35785446848924e-62,0,,212,100
756,7560,8360,2.9824918917736093e-99,0,,213,100
757,7570,8370,2.984221721225685e-90,0,,211,100
758,7580,8380,1.7012649985517015e-90,0,,210,100
759,7590,8390,2.555892779816838e-93,0,,212,100
760,7600,8400,5.946995388399664e-98,0,,213,100
761,7610,8410,2.241952503427197e-71,0,,212,100
762,7620,8420,5.307069648548665e-60,0,,213,100
763,7630,8430,7.71405497985083e-67,0,,214,100
764,7640,8440,2.752973532386111e-117,0,,215,100
765,7650,8450,3.1359977800683985e-56,0,,215,100
766,7660,8460,4.441058855651878e-50,0,,215,100
767,7670,8470,1.5125533870413797e-83,0,,214,100
768,7680,8480,1.338254832477256e-54,0,,212,100
769,7690,8490,8.087623865702377e-103,0,,213,100
770,7700,8500,1.1019328159053171e-61,0,,212,100
771,7710,8510,1.6601353314596134e-74,0,,211,100
772,7720,8520,6.336809401544521e-56,0,,211,100
773,7730,8530,7.390981825352954e-127,0,,209,100
774,7740,8540,1.6966023158632097e-69,0,,212,100
775,7750,8550,1.7871917735173695e-117,0,,209,100
776,7760,8560,1.0770352435159548e-46,0,,207,100
777,7770,8570,8.532864249226192e-110,0,,206,100
778,7780,8580,3.2113499362306512e-99,0,,208,100
779,7790,8590,7.732728225145405e-117,0,,209,100
780,7800,8600,1.9769978976791616e-43,0,,209,100
781,7810,8610,3.6671856166383684e-91,0,,211,100
782,7820,8620,2.1286096392642507e-92,0,,214,100
783,7830,8630,8.310683481526058e-82,0,,215,100
784,7840,8640,8.278397417200641e-42,0,,214,100
785,7850,8650,1.661614628761812e-34,0,,213,100
786,7860,8660,8.589623735161002e-71,0,,212,100
787,7870,8670,5.491756505307887e-35,0,,213,100
788,7880,8680,3.0509703745661357e-50,0,,214,100
789,7890,8690,2.4040635167968226e-38,0,,217,100
790,7900,8700,1.0659714835232127e-53,0,,215,100
791,7910,8710,1.114141463224337e-78,0,,217,100
792,7920,8720,5.958206460221772e-52,0,,214,100
793,7930,8730,2.1879286338600667e-34,0,,215,100
794,7940,8740,6.555725613247418e-26,0,,215,100
795,7950,8750,3.091991315845719e-96,0,,216,100
796,7960,8760,1.0727321358541034e-40,0,,218,100
797,7970,8770,2.5675976711253896e-26,0,,217,100
798,7980,8780,8.264489523962721e-14,0,,217,100
799,7990,8790,3.351093038350553e-113,0,,214,100
800,8000,8800,7.117347822105241e-48,0,,213,100
801,8010,8810,1.110166013227562e-34,0,,213,100
802,8020,8820,3.446540830080672e-40,0,,214,100
803,8030,8830,1.2021796661248714e-139,0,,214,100
804,8040,8840,5.201007393268457e-120,0,,215,100
805,8050,8850,5.177341415376432e-27,0,,215,100
806,8060,8860,1.2125552729461175e-27,0,,213,100
807,8070,8870,3.822587078160474e-47,0,,213,100
808,8080,8880,5.896154986762618e-52,0,,214,100
809,8090,8890,7.695438841308766e-42,0,,211,100
810,8100,8900,5.735553279727687e-85,0,,213,100
811,8110,8910,1.4168607728421447e-43,0,,213,100
812,8120,8920,6.364955136042572e-48,0,,213,100
813,8130,8930,1.9776066503414754e-70,0,,210,100
814,8140,8940,1.0067943419013683e-78,0,,211,100
815,8150,8950,1.0486658547470308e-60,0,,214,100
816,8160,8960,6.669659634419636e-24,0,,213,100
817,8170,8970,7.194026641433855e-60,0,,214,100
818,8180,8980,1.4806888967166896e-53,0,,214,100
819,8190,8990,1.2350138087349157e-56,0,,212,100
820,8200,9000,3.502615781648484e-82,0,,214,100
821,8210,9010,7.091907641369033e-21,0,,213,100
822,8220,9020,9.255501202620631e-23,0,,211,100
823,8230,9030,9.033988037758417e-73,0,,212,100
824,8240,9040,2.64055169405443e-55,0,,215,100
825,8250,9050,4.490012067048146e-56,0,,215,100
826,8260,9060,2.1592877131662067e-73,0,,212,100
827,8270,9070,1.7367423269475825e-83,0,,212,100
828,8280,9080,1.2868161912012183e-96,0,,211,100
829,8290,9090,4.422492329224163e-36,0,,211,100
830,8300,9100,1.461976558872164e-103,0,,209,100
831,8310,9110,8.094704866948027e-118,0,,211,100
832,8320,9120,1.6517184558593185e-115,0,,210,100
833,8330,9130,1.192242750538987e-101,0,,210,100
834,8340,9140,6.015425730097852e-81,0,,210,100
835,8350,9150,2.1107997603471058e-82,0,,208,100
836,8360,9160,1.0483606246501356e-71,0,,208,100
837,8370,9170,8.416207867446396e-24,0,,209,100
838,8380,9180,9.027161273771278e-26,0,,208,100
839,8390,9190,2.3656640792462434e-87,0,,206,100
840,8400,9200,1.5708884012359852e-73,0,,203,100
841,8410,9210,2.5231909786756617e-67,0,,203,100
842,8420,9220,9.773232126365541e-42,0,,204,100
843,8430,9230,1.868976107789226e-40,0,,206,100
844,8440,9240,1.6821639591173166e-88,0,,204,100
845,8450,9250,1.280332236495096e-87,0,,203,100
846,8460,9260,1.4521809470667358e-34,0,,201,100
847,8470,9270,8.171299838156809e-32,0,,200,100
848,8480,9280,2.024633097173781e-59,0,,199,100
849,8490,9290,1.1922871485720687e-60,0,,197,100
850,8500,9300,4.576782364229408e-42,0,,198,100
851,8510,9310,2.473136906053622e-45,0,,197,100
852,8520,9320,5.358853968717641e-44,0,,198,100
853,8530,9330,2.650142309826603e-34,0,,200,100
854,8540,9340,1.226535046415922e-108,0,,197,100
855,8550,9350,3.075007903526732e-85,0,,198,100
856,8560,9360,3.9609086071165964e-55,0,,200,100
857,8570,9370,1.6981507002060262e-65,0,,201,100
858,8580,9380,4.98668095825131e-106,0,,199,100
859,8590,9390,4.847815631379589e-50,0,,200,100
860,8600,9400,1.9208099530243134e-97,0,,198,100
861,8610,9410,2.116471833569127e-78,0,,196,100
862,8620,9420,2.953334071468148e-82,0,,194,100
863,8630,9430,9.424563524717353e-57,0,,194,100
864,8640,9440,6.271723403990782e-97,0,,194,100
865,8650,9450,1.7980755636345568e-119,0,,194,100
866,8660,9460,6.4571337954917536e-105,0,,194,100
867,8670,9470,7.989349912616665e-117,0,,196,100
868,8680,9480,2.2943393764326037e-72,0,,195,100
869,8690,9490,1.0540999236053904e-108,0,,194,100
870,8700,9500,9.558311621892896e-101,0,,193,100
871,8710,9510,1.0168172276172183e-113,0,,195,100
872,8720,9520,6.850675175694871e-110,0,,195,100
873,8730,9530,5.219204779878248e-67,0,,194,100
874,8740,9540,6.38026382726214e-33,0,,194,100
875,8750,9550,5.21010269123563e-31,0,,193,100
876,8760,9560,1.223079161437902e-25,0,,194,100
877,8770,9570,2.7211556032205964e-97,0,,194,100
878,8780,9580,7.544872450199207e-38,0,,195,100
879,8790,9590,3.3157205548526866e-74,0,,196,100
880,8800,9600,4.2639014199185933e-35,0,,197,100
881,8810,9610,2.8417566787320643e-41,0,,197,100
882,8820,9620,8.180568256091277e-49,0,,198,100
883,8830,9630,5.8253571054691754e-92,0,,196,100
884,8840,9640,4.622515339534987e-38,0,,195,100
885,8850,9650,1.7000851499210402e-101,0,,197,100
886,8860,9660,1.5008454817772273e-53,0,,196,100
887,8870,9670,1.6194824059168801e-96,0,,195,100
888,8880,9680,8.045688374859828e-61,0,,196,100
889,8890,9690,9.429996129185754e-103,0,,195,100
890,8900,9700,3.574364548778292e-64,0,,195,100
891,8910,9710,2.0853114243017782e-66,0,,194,100
892,8920,9720,2.0789810464454786e-78,0,,196,100
893,8930,9730,5.332343959279079e-66,0,,196,100
894,8940,9740,4.162510981746972e-60,0,,197,100
895,8950,9750,1.79347145278314e-85,0,,198,100
896,8960,9760,2.9858851657493035e-76,0,,197,100
897,8970,9770,1.2779205265803672e-94,0,,196,100
898,8980,9780,1.0445462157298065e-88,0,,196,100
899,8990,9790,1.0932331164358533e-63,0,,196,100
900,9000,9800,5.853849414108131e-66,0,,195,100
901,9010,9810,2.4704554956059545e-66,0,,196,100
902,9020,9820,8.590120767643116e-78,0,,195,100
903,9030,9830,6.195809967644002e-67,0,,197,100
904,9040,9840,6.622613174077736e-92,0,,196,100
905,9050,9850,1.0443786405677363e-59,0,,195,100
906,9060,9860,1.4924070670608245e-53,0,,194,100
907,9070,9870,1.9334152413280572e-63,0,,195,100
908,9080,9880,5.510408918385807e-45,0,,195,100
909,9090,9890,3.535916110993297e-61,0,,196,100
910,9100,9900,7.474675850352008e-38,0,,195,100
911,9110,9910,1.4352250417812947e-38,0,,194,100
912,9120,9920,8.810312275193584e-51,0,,194,100
913,9130,9930,1.8773878245728108e-41,0,,193,100
914,9140,9940,3.977392601134356e-44,0,,191,100
915,9150,9950,2.124533199368456e-40,0,,194,100
916,9160,9960,9.549169018850199e-33,0,,193,100
917,9170,9970,3.3583040744838556e-53,0,,193,100
918,9180,9980,3.472920542469482e-40,0,,191,100
919,9190,9990,1.9606126833205808e-50,0,,193,100
920,9200,10000,2.707942219566985e-41,0,,192,100
921,9210,10010,2.9849643774376925e-43,0,,192,100
922,9220,10020,3.599900900288468e-35,0,,191,100
923,9230,10030,6.555367858221359e-52,0,,192,100
924,9240,10040,6.265181401017044e-39,0,,191,100
925,9250,10050,3.1770242575518657e-47,0,,190,100
926,9260,10060,4.8122910417470303e-79,0,,191,100
927,9270,10070,1.554119939542894e-56,0,,191,100
928,9280,10080,1.5599227669802997e-64,0,,192,100
929,9290,10090,3.5295633461024794e-65,0,,192,100
930,9300,10100,3.558022965173081e-54,0,,192,100
931,9310,10110,1.4763022668856409e-72,0,,192,100
932,9320,10120,5.259060715731108e-28,0,,192,100
933,9330,10130,1.4479364391304223e-29,0,,191,100
934,9340,10140,1.9838413527412393e-52,0,,191,100
935,9350,10150,6.682852951915411e-47,0,,189,100
936,9360,10160,3.1896482631904557e-51,0,,189,100
937,9370,10170,1.3316107309228957e-15,0,,188,100
938,9380,10180,4.628422163598944e-16,0,,187,100
939,9390,10190,1.744022243363078e-14,0,,189,100
940,9400,10200,4.965413842384301e-106,0,,188,100
941,9410,10210,1.0447668077513353e-32,0,,188,100
942,9420,10220,4.0449091807322513e-25,0,,187,100
943,9430,10230,4.305533924584178e-29,0,,188,100
944,9440,10240,2.3253206993941212e-77,0,,189,100
945,9450,10250,4.4059676548152404e-30,0,,189,100
946,9460,10260,1.5696244072536497e-41,0,,188,100
947,9470,10270,5.430499338978934e-73,0,,188,100
948,9480,10280,5.620705809029041e-135,0,,188,100
949,9490,10290,1.309961440015796e-71,0,,190,100
950,9500,10300,1.9371444638638448e-45,0,,192,100
951,9510,10310,5.329035921529515e-42,0,,191,100
952,9520,10320,6.497325490801881e-38,0,,191,100
953,9530,10330,1.45211170672457e-85,0,,190,100
954,9540,10340,1.9800910147370618e-72,0,,193,100
955,9550,10350,3.168477835207373e-46,0,,193,100
956,9560,10360,2.4943227255126307e-48,0,,193,100
957,9570,10370,3.4517136468547895e-46,0,,193,100
958,9580,10380,3.414286819475534e-39,0,,193,100
959,9590,10390,1.2796833939152794e-52,0,,193,100
960,9600,10400,1.117774453164046e-54,0,,193,100
961,9610,10410,1.1054470751749992e-40,0,,193,100
962,9620,10420,3.730182351426923e-43,0,,193,100
963,9630,10430,3.6028693245800525e-51,0,,191,100
964,9640,10440,7.648124848474581e-64,0,,192,100
965,9650,10450,5.780611927212436e-72,0,,192,100
966,9660,10460,1.9095545100697807e-48,0,,192,100
967,9670,10470,7.657414904222562e-64,0,,192,100
968,9680,10480,1.1346164125146275e-70,0,,194,100
969,9690,10490,8.709220739235322e-68,0,,194,100
970,9700,10500,1.7555704437973827e-36,0,,194,100
971,9710,10510,1.3751265943543391e-86,0,,195,100
972,9720,10520,1.5562261289529614e-37,0,,197,100
973,9730,10530,3.189617888758973e-87,0,,197,100
974,9740,10540,1.6814896976305457e-11,0,,193,100
975,9750,10550,2.8313304115247117e-27,0,,193,100
976,9760,10560,5.401326714757189e-18,0,,192,100
977,9770,10570,3.828955185471204e-26,0,,194,100
978,9780,10580,5.568913957562521e-33,0,,195,100
979,9790,10590,1.614566171339922e-44,0,,197,100
980,9800,10600,1.6242616194572665e-40,0,,198,100
981,9810,10610,2.112842450604845e-105,0,,198,100
982,9820,10620,6.406462828336917e-116,0,,198,100
983,9830,10630,6.541357730936887e-29,0,,198,100
984,9840,10640,8.418536996110575e-22,0,,198,100
985,9850,10650,2.7988637164351697e-137,0,,198,100
986,9860,10660,2.4447211320871804e-94,0,,200,100
987,9870,10670,1.6105861581680043e-34,0,,201,100
988,9880,10680,4.285479271226466e-42,0,,200,100
989,9890,10690,3.606959177201853e-46,0,,201,100
990,9900,10700,9.269605844712665e-98,0,,201,100
991,9910,10710,8.714971494332642e-114,0,,201,100
992,9920,10720,1.9540179310049081e-118,0,,200,100
993,9930,10730,1.305179555258854e-144,0,,203,100
994,9940,10740,3.1542416290827774e-154,0,,204,100
995,9950,10750,1.8634406484940126e-111,0,,202,100
996,9960,10760,1.3789383125338973e-101,0,,205,100
997,9970,10770,6.097660704045868e-108,0,,204,100
998,9980,10780,6.24634706963361e-160,0,,204,100
999,9990,10790,4.1987864056344275e-136,0,,208,100
1000,10000,10800,3.0451036093893642e-145,0,,207,100
1001,10010,10810,3.241620812578975e-128,0,,208,100
1002,10020,10820,2.7090530589001766e-150,0,,206,100
1003,10030,10830,4.411263164495453e-114,0,,205,100
1004,10040,10840,5.781001143896007e-191,0,,208,100
1005,10050,10850,1.2667780279030012e-134,0,,209,100
1006,10060,10860,8.553870413095077e-151,0,,211,100
1007,10070,10870,5.101933659371353e-106,0,,209,100
1008,10080,10880,1.3076392537517211e-138,0,,210,100
1009,10090,10890,1.452546835477971e-128,0,,209,100
1010,10100,10900,4.5914203710530705e-84,0,,211,100
1011,10110,10910,1.0060760115228982e-157,0,,210,100
1012,10120,10920,1.013115439650052e-87,0,,209,100
1013,10130,10930,3.487803257812105e-78,0,,211,100
1014,10140,10940,3.1428400105551655e-69,0,,212,100
1015,10150,10950,3.7513955532498953e-78,0,,214,100
1016,10160,10960,6.417066756125789e-129,0,,210,100
1017,10170,10970,3.0149174191077127e-68,0,,212,100
1018,10180,10980,5.2550375305821524e-71,0,,212,100
1019,10190,10990,6.398339779934956e-88,0,,211,100
1020,10200,11000,5.887347247356747e-151,0,,214,100
1021,10210,11010,6.877658749527993e-89,0,,214,100
1022,10220,11020,2.0338386625804256e-82,0,,215,100
1023,10230,11030,7.454939085299462e-85,0,,212,100
1024,10240,11040,4.9707597970740016e-95,0,,210,100
1025,10250,11050,7.455135273305615e-102,0,,210,100
1026,10260,11060,6.043238394374229e-119,0,,211,100
1027,10270,11070,1.1150781656370632e-99,0,,210,100
1028,10280,11080,8.592439821250646e-98,0,,211,100
1029,10290,11090,3.3001255639387085e-82,0,,210,100
1030,10300,11100,5.695593281455064e-98,0,,210,100
1031,10310,11110,1.493589044563187e-66,0,,208,100
1032,10320,11120,1.980346505158892e-66,0,,208,100
1033,10330,11130,1.0453461226229573e-63,0,,208,100
1034,10340,11140,3.379230923209262e-64,0,,208,100
1035,10350,11150,6.20803683964122e-55,0,,207,100
1036,10360,11160,1.3030951181410003e-56,0,,209,100
1037,10370,11170,1.988711277377936e-54,0,,208,100
1038,10380,11180,3.278696478138723e-53,0,,205,100
1039,10390,11190,2.4977767007797925e-54,0,,205,100
1040,10400,11200,9.537473953850694e-59,0,,204,100
1041,10410,11210,2.834182028683417e-134,0,,207,100
1042,10420,11220,1.2911438722544837e-127,0,,207,100
1043,10430,11230,3.0793191750246612e-117,0,,209,100
1044,10440,11240,3.926378448791688e-121,0,,210,100
1045,10450,11250,2.2023104248995904e-65,0,,211,100
1046,10460,11260,1.5312366358624292e-72,0,,209,100
1047,10470,11270,7.768138609281181e-85,0,,208,100
1048,10480,11280,1.0772676221572229e-134,0,,207,100
1049,10490,11290,2.2897100523443153e-119,0,,207,100
1050,10500,11300,3.014633086258057e-99,0,,204,100
1051,10510,11310,1.6565791026051597e-118,0,,203,100
1052,10520,11320,6.60772095325956e-114,0,,197,100
1053,10530,11330,2.2884146995266776e-110,0,,196,100
1054,10540,11340,4.840718613029538e-123,0,,193,100
1055,10550,11350,2.0441466084176115e-120,0,,191,100
1056,10560,11360,1.5934004204987375e-106,0,,187,100
1057,10570,11370,2.4743552174243608e-138,0,,184,100
1058,10580,11380,4.4990391595319096e-111,0,,180,100
1059,10590,11390,6.209296695469708e-140,0,,178,100
1060,10600,11400,1.3486295233414636e-115,0,,173,100
1061,10610,11410,6.793889467184619e-179,0,,171,100
1062,10620,11420,1.400798379744992e-136,0,,170,100
1063,10630,11430,4.265830103359348e-177,0,,166,100
1064,10640,11440,3.3964547209440895e-159,0,,164,100
1065,10650,11450,6.606294418164652e-141,0,,160,100
1066,10660,11460,4.0047633442077305e-124,0,,157,100
1067,10670,11470,6.048243115476821e-137,0,,154,100
1068,10680,11480,2.358589772874608e-166,0,,152,100
1069,10690,11490,8.346580098194984e-170,0,,150,100
1070,10700,11500,5.420503252497108e-180,0,,148,100
1071,10710,11510,1.2031303312325787e-111,0,,144,100
1072,10720,11520,4.886971572384596e-139,0,,143,100
1073,10730,11530,6.041072523478532e-155,0,,138,100
1074,10740,11540,2.1186489947004107e-161,0,,136,100
1075,10750,11550,1.1517499085534672e-166,0,,134,100
1076,10760,11560,3.5682788878754497e-129,0,,130,100
1077,10770,11570,8.602332146526458e-81,0,,128,100
1078,10780,11580,7.889687857437265e-101,0,,126,100
1079,10790,11590,6.758843624479511e-162,0,,122,100
1080,10800,11600,1.203772210564259e-148,0,,120,100
1081,10810,11610,7.450171226611204e-34,0,,117,100
1082,10820,11620,2.14288361426501e-154,0,,116,100
1083,10830,11630,1.5950222228936363e-137,0,,114,100
1084,10840,11640,3.867347452469395e-41,0,,111,100
1085,10850,11650,1.1897543244036287e-178,0,,108,100
1086,10860,11660,2.2694169866843297e-23,0,,103,100
1087,10870,11670,1.98060825791463e-207,0,,102,100
